10
20
1
-1
73 50 33 13 82 80 5 61 28 35
69 67 55 3 88 8 57 64 48 65
9 64 51 31 75 86 38 55 58 3
83 88 14 83 75 59 2 3 38 87
65 19 44 46 61 42 19 6 50 3
99 4 55 78 26 87 84 28 82 90
57 3 55 66 1 23 87 89 60 39
2 84 52 81 21 76 38 14 96 32
39 58 29 49 53 64 75 12 72 52
96 55 65 75 13 94 39 34 62 98
53 28 86 14 33 56 98 8 3 28
23 42 59 50 88 49 51 36 57 81
20 9 2 91 10 43 97 87 82 29
97 81 90 12 58 2 86 19 74 62
24 83 56 21 82 82 13 18 10 88
7 64 1 74 89 77 41 95 20 35
14 78 32 37 22 54 74 96 84 16
54 33 67 84 60 27 16 19 78 90
50 82 75 3 20 75 16 1 22 23
37 18 39 99 84 94 10 80 15 92
19 71 18 73 45 50 50 31 3 63
